2136
270
6
0
103
2
37
0
0
0
0
0
25
1
0
2
0
21
2
3
1
0
7
30
197
8
0
1
0
0
1
491
45
1106
1325
0
0
3
0
4
0
1
0
0
0
4
0
7
0
0
0
24
0
0
1
6
3
0
389
0
0
5
13
0
0
28
0
0
3
7
10
0
0
0
0
5
0
0
0
17
0
47
13
3
0
0
0
3
4
100
2
0
23
0
0
2
1417
4
1905
22
1
0
1
0
0
0
0
9
0
3
0
24
0
2
0
0
0
0
16
1
2
51
1
0
0
5
0
1
0
0
0
1
0
0
0
8
0
0
3
0
0
0
155
4
0
11
2
0
0
1
47
323
1537
0
0
0
722
0
0
0
0
7
33
96
3
2
485
0
0
0
3
1
0
208
0
0
46
0
33
4
8
14
0
34
0
6
0
1
54
2
6
0
0
0
0
0
0
0
14
0
0
2
87
0
0
33
39
30
30
0
0
3
0
0
11
0
224
1
0
0
