2278
275
5
0
95
2
45
0
0
0
0
0
16
1
0
4
0
21
2
3
0
0
5
33
223
7
0
1
0
0
2
516
52
1136
1380
0
0
3
0
4
0
0
0
0
0
4
0
7
0
0
0
26
0
0
1
6
3
0
1385
0
0
3
13
0
0
33
0
0
3
7
10
0
0
0
0
5
0
0
0
19
0
47
12
3
0
0
0
2
4
117
2
0
21
0
0
2
1430
3
2011
22
1
0
2
0
0
0
0
10
1
1
0
24
1
2
0
0
0
0
19
1
4
54
0
0
0
4
0
1
0
0
0
1
0
0
0
8
0
0
3
0
0
0
166
4
0
7
2
0
0
1
51
339
1696
0
0
0
703
0
0
0
0
5
35
121
2
2
506
0
0
0
1
1
0
221
0
0
48
0
32
3
6
12
0
33
0
5
0
1
68
2
6
0
0
0
0
0
0
0
16
0
0
1
96
0
0
35
41
33
31
0
0
3
0
0
14
0
230
1
0
0
