2152
271
7
0
104
2
38
0
0
0
0
0
25
1
0
2
0
21
2
3
1
0
7
30
197
8
0
1
0
0
1
493
45
1116
1329
0
0
3
0
4
0
1
0
0
0
4
0
7
0
0
0
24
0
0
1
6
3
0
394
0
0
5
13
0
0
28
0
0
3
7
10
0
0
0
0
5
0
0
0
17
0
48
13
3
0
0
0
3
4
101
2
0
23
0
0
2
1426
4
1921
22
1
0
1
0
0
0
0
9
0
3
0
24
0
2
0
0
0
0
16
1
2
51
1
0
0
5
0
1
0
0
0
1
0
0
0
8
0
0
3
0
0
0
158
4
0
11
2
0
0
1
47
323
1553
0
0
0
725
0
0
0
0
7
33
96
3
2
487
0
0
0
3
1
0
209
0
0
46
0
34
4
8
14
0
34
0
6
0
1
54
2
6
0
0
0
0
0
0
0
14
0
0
2
89
0
0
33
39
30
30
0
0
3
0
0
11
0
228
1
0
0
