2094
270
6
0
107
2
37
0
0
0
0
0
23
1
0
2
0
21
2
3
1
0
6
27
193
8
0
1
0
0
1
467
40
1107
1298
0
0
3
0
4
0
1
0
0
0
4
0
6
0
0
0
20
0
0
1
6
2
0
397
0
0
4
13
0
0
24
0
0
3
8
9
0
0
0
0
5
0
0
0
17
0
50
12
3
0
0
0
3
4
109
2
0
23
0
0
2
1379
4
1913
27
1
0
2
0
0
0
0
6
0
3
0
27
0
2
0
0
0
0
13
1
3
53
1
0
0
6
0
2
0
0
0
0
0
0
0
8
0
0
4
0
0
0
135
4
0
11
1
0
0
1
46
314
1523
0
0
0
716
0
0
0
0
6
33
98
3
2
497
0
0
0
3
1
0
207
0
0
44
0
30
4
8
13
0
36
0
7
0
1
55
2
5
0
0
0
0
0
0
0
14
0
0
2
90
0
0
37
39
31
28
0
0
4
0
0
10
0
247
1
0
0
