2177
269
7
0
98
2
39
0
0
0
0
0
22
1
0
3
0
20
2
3
1
0
7
30
144
8
0
1
0
0
1
430
42
1124
1327
0
0
3
0
4
0
1
0
0
0
4
0
7
0
0
0
24
0
0
1
7
3
0
388
0
0
5
13
0
0
31
0
0
3
7
10
0
0
0
0
5
0
0
0
20
0
48
13
3
0
0
0
3
4
102
2
0
22
0
0
2
1419
4
1957
24
1
0
1
0
0
0
0
9
0
3
0
24
0
2
0
0
0
0
18
1
2
53
1
0
0
5
0
1
0
0
0
1
0
0
0
8
0
0
3
0
0
0
160
4
0
11
2
0
0
1
49
320
1568
0
0
0
707
0
0
0
0
6
34
101
3
2
485
0
0
0
3
1
0
215
0
0
46
0
34
4
7
14
0
36
0
6
0
1
57
2
6
0
0
0
0
0
0
0
14
0
0
2
89
0
0
34
40
31
30
0
0
3
0
0
11
0
223
1
0
0
