2376
277
5
0
99
2
45
0
0
0
0
0
16
2
0
4
0
21
2
3
0
0
4
33
223
7
0
1
0
0
2
510
51
1125
1381
0
0
3
0
3
0
0
0
0
0
4
0
7
0
0
0
25
0
0
0
6
3
0
384
0
0
3
13
0
0
33
0
0
3
7
10
0
0
0
0
5
0
0
0
19
0
48
12
3
0
0
0
2
4
118
2
0
21
0
0
1
1434
3
1979
22
1
0
2
0
0
0
0
10
1
1
0
25
1
4
0
0
0
0
19
1
4
54
0
0
0
5
0
1
0
0
0
1
0
0
0
8
0
0
3
0
0
0
168
4
0
7
2
0
0
1
50
332
1652
0
0
0
711
0
0
0
0
0
34
121
2
2
501
0
0
0
1
1
0
225
0
0
48
0
31
3
7
12
0
33
0
5
0
1
65
2
6
0
0
0
0
0
0
0
15
0
0
1
95
0
0
34
42
33
31
0
0
3
0
0
14
0
230
1
0
0
