2223
271
5
0
94
2
43
0
0
0
0
0
16
1
0
3
0
20
2
3
0
0
4
31
217
7
0
1
0
0
1
493
46
1110
1346
0
0
3
0
4
0
1
0
0
0
4
0
6
0
0
0
24
0
0
1
6
3
0
377
0
0
3
13
0
0
33
0
0
3
7
10
0
0
0
0
4
0
0
0
19
0
46
12
3
0
0
0
2
4
116
1
0
22
0
0
2
1423
3
1961
21
1
0
1
0
0
0
0
10
1
1
0
23
0
2
0
0
0
0
19
1
4
54
1
0
0
4
0
1
0
0
0
1
0
0
0
8
0
0
3
0
0
0
160
4
0
9
2
0
0
1
49
324
1615
0
0
0
691
0
0
0
0
5
32
120
2
2
490
0
0
0
1
1
0
211
0
0
47
0
29
4
5
12
0
32
0
5
0
1
63
1
6
0
0
0
0
0
0
0
15
0
0
2
90
0
0
34
39
33
31
0
0
3
0
0
14
0
218
0
0
0
