2278
272
5
0
98
2
42
0
0
0
0
0
17
1
0
3
0
20
2
3
1
0
5
31
220
8
0
1
0
0
1
506
46
1129
1364
0
0
3
0
4
0
1
0
0
0
4
0
6
0
0
0
24
0
0
1
6
3
0
383
0
0
3
13
0
0
33
0
0
3
7
10
0
0
0
0
4
0
0
0
19
0
46
13
3
0
0
0
2
4
114
1
0
22
0
0
2
1455
3
1999
21
1
0
1
0
0
0
0
11
1
1
0
23
0
2
0
0
0
0
18
1
4
56
1
0
0
4
0
1
0
0
0
1
0
0
0
9
0
0
3
0
0
0
164
4
0
10
2
0
0
1
50
329
1646
0
0
0
704
0
0
0
0
0
34
119
2
2
499
0
0
0
1
1
0
217
0
0
47
0
29
4
5
12
0
33
0
6
0
1
62
1
6
0
0
0
0
0
0
0
15
0
0
2
89
0
0
34
40
33
31
0
0
3
0
0
14
0
224
0
0
0
