2289
272
5
0
95
1
43
0
0
0
0
0
15
1
0
4
0
21
2
3
0
0
4
32
218
7
0
1
0
0
2
497
51
1081
1350
0
0
3
0
3
0
0
0
0
0
3
0
6
0
0
0
23
0
0
0
6
3
0
375
0
0
3
13
0
0
32
0
0
2
7
10
0
0
0
0
5
0
0
0
19
0
46
11
3
0
0
0
2
4
112
2
0
20
0
0
1
1390
3
1884
20
1
0
2
0
0
0
0
10
2
1
0
22
1
4
0
0
0
0
19
2
4
56
0
0
0
5
0
0
0
0
0
1
0
0
0
8
0
0
2
0
0
0
167
3
0
7
2
0
0
0
50
326
1591
0
0
0
694
0
0
0
0
5
34
120
2
2
475
0
0
0
1
1
0
205
0
0
45
0
35
3
7
10
0
33
0
5
0
1
63
2
6
0
0
0
0
0
0
0
14
0
0
1
93
0
0
33
40
31
31
0
0
3
0
0
14
0
218
1
0
0
