2234
273
5
0
94
2
43
0
0
0
0
0
16
1
0
4
0
21
2
3
0
0
5
32
218
7
0
1
0
0
2
497
49
1124
1365
0
0
3
0
4
0
0
0
0
0
4
0
6
0
0
0
25
0
0
1
6
3
0
379
0
0
3
13
0
0
33
0
0
3
7
10
0
0
0
0
5
0
0
0
19
0
47
12
3
0
0
0
2
4
115
1
0
21
0
0
2
1433
3
1984
21
1
0
2
0
0
0
0
10
1
1
0
23
1
2
0
0
0
0
19
1
4
54
1
0
0
4
0
1
0
0
0
1
0
0
0
8
0
0
3
0
0
0
163
4
0
7
2
0
0
1
50
331
1643
0
0
0
699
0
0
0
0
5
34
121
-1
2
499
0
0
0
1
1
0
215
0
0
48
0
32
3
5
12
0
33
0
5
0
1
66
2
6
0
0
0
0
0
0
0
16
0
0
2
94
0
0
33
41
33
31
0
0
3
0
0
14
0
223
1
0
0
