2204
271
6
0
108
2
38
0
0
0
0
0
23
1
0
2
0
21
2
3
1
0
9
30
196
8
0
2
0
0
1
495
45
1118
1311
0
0
3
0
4
0
1
0
0
0
4
0
7
0
0
0
23
0
0
1
6
1
0
396
0
0
4
13
0
0
27
0
0
3
7
9
0
0
0
0
5
0
0
0
17
0
50
12
4
0
0
0
3
4
108
2
0
23
0
0
2
1386
4
1938
25
1
0
2
0
0
0
0
7
0
3
0
27
0
2
0
0
0
0
14
1
3
53
1
0
0
5
0
1
0
0
0
0
0
0
0
8
0
0
4
0
0
0
130
4
0
-1
2
0
0
1
45
324
1555
0
-1
0
693
0
0
0
0
7
33
99
3
2
503
0
0
0
3
1
0
309
0
0
44
0
33
4
8
15
0
35
0
7
0
1
57
2
6
0
0
0
0
0
0
0
14
0
0
2
90
0
0
35
41
32
29
0
0
3
0
0
11
0
242
1
0
0
