2277
271
6
0
96
2
43
0
0
0
0
0
17
1
0
3
0
20
2
3
1
0
4
29
209
8
0
1
0
0
1
492
40
1140
1330
0
0
3
0
4
0
1
0
0
0
5
0
6
0
0
0
23
0
0
1
6
3
0
386
0
0
3
13
0
0
33
0
0
3
7
10
0
0
0
0
4
0
0
0
20
0
46
13
3
0
0
0
2
4
98
1
0
22
0
0
2
1466
3
2003
22
1
0
1
0
0
0
0
10
1
2
0
23
0
2
0
0
0
0
18
1
4
56
1
0
0
4
0
1
0
0
0
1
0
0
0
9
0
0
3
0
0
0
164
4
0
10
2
0
0
1
51
323
1643
0
0
0
708
0
0
0
0
5
34
100
2
2
486
0
0
0
1
1
0
214
0
0
45
0
31
4
5
12
0
33
0
6
0
1
65
2
6
0
0
0
0
0
0
0
14
0
0
2
89
0
0
34
39
32
31
0
0
3
0
0
11
0
224
0
0
0
