2213
274
7
0
97
2
41
0
0
0
0
0
22
1
0
3
0
20
2
3
1
0
5
30
211
8
0
1
0
0
1
497
41
1165
1339
0
0
3
0
4
0
1
0
0
0
4
0
7
0
0
0
24
0
0
1
7
3
0
391
0
0
5
13
0
0
32
0
0
3
8
10
0
0
0
0
4
0
0
0
20
0
48
14
3
0
0
0
3
4
102
2
0
23
0
0
2
1472
4
2016
24
1
0
1
0
0
0
0
10
0
3
0
23
0
2
0
0
0
0
18
1
3
55
1
0
0
5
0
1
0
0
0
1
0
0
0
8
0
0
3
0
0
0
172
4
0
11
2
0
0
1
49
323
1631
0
0
0
711
0
0
0
0
5
34
100
3
2
495
0
0
0
3
1
0
220
0
0
47
0
35
4
7
14
0
34
0
6
0
1
60
2
6
0
0
0
0
0
0
0
14
0
0
1
92
0
0
35
40
31
31
0
0
3
0
0
11
0
225
1
0
0
