2279
273
6
0
96
2
43
0
0
0
0
0
17
1
0
3
0
20
2
3
1
0
5
29
205
8
0
1
0
0
1
485
40
1136
1331
0
0
3
0
4
0
1
0
0
0
4
0
6
0
0
0
23
0
0
1
7
3
0
382
0
0
4
13
0
0
32
0
0
3
8
10
0
0
0
0
4
0
0
0
20
0
46
13
3
0
0
0
3
4
100
1
0
23
0
0
2
1476
3
1996
23
1
0
1
0
0
0
0
10
1
2
0
24
0
2
0
0
0
0
18
1
4
56
1
0
0
4
0
1
0
0
0
1
0
0
0
9
0
0
3
0
0
0
166
4
0
10
2
0
0
1
53
318
1637
0
0
0
704
0
0
0
0
5
33
100
2
2
488
0
0
0
3
1
0
216
0
0
47
0
33
4
5
12
0
33
0
6
0
1
64
2
6
0
0
0
0
0
0
0
14
0
0
2
92
0
0
35
39
32
32
0
0
3
0
0
11
0
221
1
0
0
