2190
272
8
0
104
2
38
0
0
0
0
0
25
1
0
2
0
21
2
3
1
0
7
30
198
8
0
1
0
0
1
495
45
1135
1350
0
0
3
0
4
0
1
0
0
0
4
0
7
0
0
0
24
0
0
1
6
3
0
399
0
0
5
13
0
0
28
0
0
3
7
10
0
0
0
0
5
0
0
0
17
0
49
12
3
0
0
0
3
4
102
2
0
24
0
0
2
1448
4
1950
23
1
0
1
0
0
0
0
9
0
3
0
25
0
2
0
0
0
0
16
1
2
51
1
0
0
5
0
1
0
0
0
1
0
0
0
8
0
0
3
0
0
0
161
4
0
11
2
0
0
1
48
327
1577
0
0
0
729
0
0
0
0
7
33
98
3
2
504
0
0
0
3
1
0
214
0
0
46
0
33
4
8
14
0
34
0
6
0
1
55
2
6
0
0
0
0
0
0
0
14
0
0
2
89
0
0
34
40
31
30
0
0
3
0
0
11
0
233
1
0
0
