2349
275
5
0
96
2
44
0
0
0
0
0
16
2
0
4
0
21
2
3
0
0
4
33
222
7
0
1
0
0
2
507
51
1106
1378
0
0
3
0
3
0
0
0
0
0
3
0
6
0
0
0
25
0
0
0
6
3
0
385
0
0
3
13
0
0
32
0
0
2
7
10
0
0
0
0
5
0
0
0
19
0
47
12
3
0
0
0
2
4
117
2
0
21
0
0
1
1423
3
1950
21
1
0
2
0
0
0
0
10
2
1
0
24
1
4
0
0
0
0
19
1
4
55
0
0
0
5
0
0
0
0
0
1
0
0
0
8
0
0
2
0
0
0
166
4
0
7
2
0
0
0
50
330
1650
0
0
0
710
0
0
0
0
5
35
119
2
2
500
0
0
0
1
1
0
219
0
0
48
0
34
3
7
12
0
32
0
5
0
1
66
2
6
0
0
0
0
0
0
0
15
0
0
1
96
0
0
35
40
31
31
0
0
3
0
0
14
0
224
1
0
0
